cachesize Ir I1mr ILmr Dr D1mr DLmr Dw D1mw DLmw i1readMR
2 884216 14 4 442004 5001 0 40806 26 25 .0015833235
4 884216 7 4 442004 5001 0 40806 26 25 .0007916617
8 884216 4 4 442004 5001 0 40806 26 25 .0004523781
16 884216 3 3 442004 5001 0 40806 26 25 .0003392836
32 884216 2 2 442004 5001 0 40806 26 25 .0002261890
64 884216 1 1 442004 5001 0 40806 26 25 .0001130945
128 884216 0 0 442004 5001 0 40806 26 25 0
256 884216 1 1 442004 5001 0 40806 26 25 .0001130945
512 884216 1 1 442004 5001 0 40806 26 25 .0001130945
